


| 6  9  3 | 7  4  1 | 8  5  2 |
| 4  8  2 | 6  5  9 | 7  3  1 |
| 7  1  5 | 8  3  2 | 6  4  9 |
-------------------------------
| 2  5  7 | 9  8  4 | 1  6  3 |
| 8  4  6 | 1  7  3 | 9  2  5 |
| 9  3  1 | 5  2  6 | 4  7  8 |
-------------------------------
| 5  7  9 | 2  6  8 | 3  1  4 |
| 3  6  8 | 4  1  5 | 2  9  7 |
| 1  2  4 | 3  9  7 | 5  8  6 |



| 6  9  3 | 7  4  1 | 8  5  2 |
| 4  8  2 | 6  5  9 | 7  3  1 |
| 7  1  5 | 8  3  2 | 6  4  9 |
-------------------------------
| 2  5  7 | 9  8  4 | 1  6  3 |
| 8  4  6 | 1  7  3 | 9  2  5 |
| 9  3  1 | 5  2  6 | 4  7  8 |
-------------------------------
| 5  7  9 | 2  6  8 | 3  1  4 |
| 3  6  8 | 4  1  5 | 2  9  7 |
| 1  2  4 | 3  9  7 | 5  8  6 |



| 6  9  3 | 7  4  1 | 8  5  2 |
| 4  8  2 | 6  5  9 | 7  3  1 |
| 7  1  5 | 8  3  2 | 6  4  9 |
-------------------------------
| 2  5  7 | 9  8  4 | 1  6  3 |
| 8  4  6 | 1  7  3 | 9  2  5 |
| 9  3  1 | 5  2  6 | 4  7  8 |
-------------------------------
| 5  7  9 | 2  6  8 | 3  1  4 |
| 3  6  8 | 4  1  5 | 2  9  7 |
| 1  2  4 | 3  9  7 | 5  8  6 |



| 6  9  3 | 7  4  1 | 8  5  2 |
| 4  8  2 | 6  5  9 | 7  3  1 |
| 7  1  5 | 8  3  2 | 6  4  9 |
-------------------------------
| 2  5  7 | 9  8  4 | 1  6  3 |
| 8  4  6 | 1  7  3 | 9  2  5 |
| 9  3  1 | 5  2  6 | 4  7  8 |
-------------------------------
| 5  7  9 | 2  6  8 | 3  1  4 |
| 3  6  8 | 4  1  5 | 2  9  7 |
| 1  2  4 | 3  9  7 | 5  8  6 |



| 6  9  3 | 7  4  1 | 8  5  2 |
| 4  8  2 | 6  5  9 | 7  3  1 |
| 7  1  5 | 8  3  2 | 6  4  9 |
-------------------------------
| 2  5  7 | 9  8  4 | 1  6  3 |
| 8  4  6 | 1  7  3 | 9  2  5 |
| 9  3  1 | 5  2  6 | 4  7  8 |
-------------------------------
| 5  7  9 | 2  6  8 | 3  1  4 |
| 3  6  8 | 4  1  5 | 2  9  7 |
| 1  2  4 | 3  9  7 | 5  8  6 |



| 6  9  3 | 7  4  1 | 8  5  2 |
| 4  8  2 | 6  5  9 | 7  3  1 |
| 7  1  5 | 8  3  2 | 6  4  9 |
-------------------------------
| 2  5  7 | 9  8  4 | 1  6  3 |
| 8  4  6 | 1  7  3 | 9  2  5 |
| 9  3  1 | 5  2  6 | 4  7  8 |
-------------------------------
| 5  7  9 | 2  6  8 | 3  1  4 |
| 3  6  8 | 4  1  5 | 2  9  7 |
| 1  2  4 | 3  9  7 | 5  8  6 |



| 6  9  3 | 7  4  1 | 8  5  2 |
| 4  8  2 | 6  5  9 | 7  3  1 |
| 7  1  5 | 8  3  2 | 6  4  9 |
-------------------------------
| 2  5  7 | 9  8  4 | 1  6  3 |
| 8  4  6 | 1  7  3 | 9  2  5 |
| 9  3  1 | 5  2  6 | 4  7  8 |
-------------------------------
| 5  7  9 | 2  6  8 | 3  1  4 |
| 3  6  8 | 4  1  5 | 2  9  7 |
| 1  2  4 | 3  9  7 | 5  8  6 |
